Entry|Year|ALL INDIA|Andhra Pradesh|Assam|Bihar|Chhatisgarh|Gujarat|Haryana|Jharkhand|Karnataka|Kerala|Madhya Pradesh|Maharashtra|Odisha|Punjab|Rajasthan|Tamil Nadu|Uttar Pradesh|W. Bengal|Arunachal Pradesh|Delhi|Goa|Himachal Pradesh|Jammu and Kashmir|Manipur|Meghalaya|Mizoram|Nagaland|Sikkim|Tripura|Uttarakhand|Andaman and Nicobar Islands|Chandigarh|Dadra and Nagar Haveli|Daman and Diu|Lakshadweep|Puducherry
-1|2|0|0|0|0|0|0|0|0|0|0|0|0|0|0|0|0|0|0|0|0|0|0|0|0|0|0|0|0|0|0|0|0|0|0|0|0
1|1971.0|36.9|34.8|38.5|32.8|None|40.0|42.1|None|31.7|31.1|39.1|32.2|34.6|34.2|42.4|31.4|44.9|None|None|33.6|26.2|37.3|32.9|33.3|None|None|None|None|35.8|None|31.9|None|None|None|None|29.0
2|1972.0|36.6|35.8|36.4|33.1|None|40.2|40.5|None|31.5|31.2|39.3|32.2|34.5|34.6|42.4|32.4|43.2|None|None|30.3|25.0|33.1|31.6|31.2|None|None|None|None|32.9|None|39.9|40.0|None|None|None|31.0
3|1973.0|34.6|31.6|33.3|31.4|None|35.4|39.4|None|28.9|29.2|37.4|28.8|34.8|33.4|38.1|30.0|41.7|None|None|29.5|24.9|37.6|32.5|28.7|None|None|None|None|32.6|None|30.7|34.3|None|None|None|27.4
4|1974.0|34.5|34.6|32.8|28.7|None|38.4|39.5|None|28.0|26.8|36.6|29.0|33.6|32.0|36.3|29.2|42.1|28.0|None|31.2|24.1|34.9|29.2|25.0|None|None|None|None|32.2|None|34.7|36.6|None|None|None|27.0
5|1975.0|35.2|34.9|30.1|27.7|None|37.0|38.0|None|27.7|28.0|40.3|29.7|33.6|31.8|36.9|30.7|43.1|28.7|None|27.0|23.4|32.7|31.9|24.5|None|None|None|None|29.2|None|36.7|36.4|None|None|None|28.4
6|1976.0|34.4|33.7|32.8|31.1|None|37.4|36.3|None|29.4|27.8|39.8|29.3|34.8|31.6|33.4|30.7|40.0|31.9|32.5|28.6|24.4|32.5|32.1|25.3|33.5|None|20.3|None|34.7|None|39.0|31.2|42.1|24.4|35.2|31.1
7|1977.0|33.0|32.2|30.1|30.1|None|36.1|34.6|None|26.3|25.8|38.3|26.2|29.9|31.0|33.8|29.8|40.3|32.1|None|27.3|19.9|32.5|31.6|26.6|32.5|None|None|None|28.2|None|37.0|30.0|None|None|None|29.0
8|1978.0|33.3|33.6|30.8|31.2|None|35.8|33.5|None|29.2|25.2|37.2|26.9|32.9|29.4|35.5|28.8|40.4|28.4|None|25.7|21.0|27.3|31.8|32.2|32.0|None|None|None|28.8|None|33.1|26.5|None|None|None|27.4
9|1979.0|33.1|31.9|32.4|38.4|None|35.7|36.4|None|28.9|26.1|37.8|27.1|32.4|29.3|35.2|28.1|39.6|None|None|26.7|19.6|31.8|31.1|28.6|33.2|None|None|None|28.4|None|32.6|26.6|None|None|None|26.7
10|1980.0|33.3|31.0|31.9|37.8|None|35.8|37.2|None|27.6|26.8|37.1|29.3|31.6|29.9|38.7|27.9|39.4|31.7|None|28.3|18.1|32.1|31.3|30.9|31.2|None|None|None|25.9|None|34.7|28.9|None|None|None|25.9
11|1981.0|33.9|31.7|33.0|39.1|None|34.5|36.5|None|28.3|25.6|37.6|28.5|33.1|30.3|37.1|28.0|39.6|33.2|None|26.9|15.5|31.5|31.6|26.6|32.6|None|None|31.0|26.4|None|34.0|24.6|36.8|None|None|21.7
12|1982.0|33.8|31.2|34.2|37.3|None|34.3|36.7|None|27.9|26.2|38.5|29.8|33.4|30.4|38.0|27.7|38.6|32.3|34.2|28.7|21.4|32.5|30.7|None|31.1|None|None|31.6|24.4|None|36.4|26.0|41.7|None|None|23.8
13|1983.0|33.7|30.8|34.7|37.2|None|34.2|35.9|None|29.1|24.9|38.5|29.8|34.0|30.2|40.1|27.9|38.4|32.0|35.4|27.7|21.3|32.9|32.0|28.8|30.0|None|23.1|34.5|23.7|None|32.5|22.2|40.1|None|31.8|23.5
14|1984.0|33.9|31.2|35.3|39.9|None|33.4|37.2|None|30.3|22.9|36.9|31.1|32.7|30.3|39.7|28.0|38.7|30.4|34.5|31.0|20.7|30.8|33.5|29.1|38.3|None|20.7|31.7|26.6|None|30.4|23.4|45.9|None|29.7|25.3
15|1985.0|32.9|29.9|34.3|37.8|None|33.0|35.7|None|29.6|23.3|39.4|29.0|30.7|28.5|39.7|24.7|37.6|29.4|35.5|32.8|18.5|30.2|33.6|28.5|39.1|None|25.3|33.1|27.3|None|28.3|24.5|36.9|28.8|35.0|22.1
16|1986.0|32.6|31.6|34.7|36.5|None|32.2|35.3|None|29.0|22.5|37.2|30.1|32.5|28.7|36.4|23.8|37.5|29.7|40.2|29.5|20.2|30.6|33.4|25.7|35.4|None|25.2|32.1|28.5|None|25.5|23.7|43.4|30.5|32.1|22.5
17|1987.0|32.2|30.3|34.2|36.6|None|30.8|34.5|None|28.9|21.7|36.4|28.9|31.0|28.7|35.1|24.0|37.9|30.7|36.3|30.4|18.9|30.8|31.0|25.9|34.9|None|21.7|33.3|28.2|None|26.9|23.9|35.8|27.2|30.5|22.4
18|1988.0|31.5|27.4|32.9|37.3|None|29.5|33.8|None|28.7|20.3|37.0|29.4|31.9|28.5|33.3|22.7|37.1|28.4|40.0|28.6|17.7|32.2|33.1|25.8|36.4|None|22.3|33.8|26.6|None|22.1|22.4|38.3|28.1|25.5|22.5
19|1989.0|30.6|25.9|29.4|34.3|None|28.7|35.2|None|28.0|20.3|35.5|28.5|30.5|28.3|34.2|23.1|37.0|27.2|35.6|27.2|15.7|27.7|30.1|22.8|31.9|None|19.7|31.4|25.7|None|20.5|22.5|35.6|27.9|20.8|21.1
20|1990.0|30.2|26.3|29.7|32.9|None|29.6|31.9|None|28.0|19.6|37.1|27.5|30.0|27.6|33.6|21.6|35.6|28.2|30.1|23.9|15.8|27.4|31.4|21.1|31.8|None|16.2|26.3|24.9|None|21.6|17.8|35.9|27.4|25.6|20.4
21|1991.0|29.5|26.0|30.9|30.7|None|27.5|33.1|None|26.9|18.3|35.8|26.2|28.8|27.7|35.0|20.8|35.7|27.0|30.9|27.4|16.8|28.5|None|20.1|32.4|None|15.8|22.5|24.4|None|20.0|13.9|31.1|27.9|27.1|19.2
22|1992.0|29.2|24.5|30.8|32.2|None|28.1|32.0|None|26.3|17.7|34.9|25.3|27.8|27.1|34.9|20.7|36.3|24.8|26.6|26.0|14.7|28.1|None|19.5|29.8|None|19.2|22.0|23.1|None|20.0|15.6|37.8|24.8|25.0|19.8
23|1993.0|28.7|24.3|29.5|32.0|None|28.0|30.9|None|25.5|17.4|34.9|25.2|27.2|26.3|34.0|19.5|36.2|25.7|28.0|22.7|14.7|26.7|None|20.5|28.5|None|20.0|24.3|23.3|None|21.6|18.5|33.6|25.3|25.7|15.5
24|1994.0|28.7|23.8|30.8|32.5|None|27.1|30.8|None|25.0|17.4|33.0|25.1|28.0|25.0|33.7|19.2|35.4|25.2|28.5|24.8|14.3|26.3|None|21.7|29.5|None|20.1|24.6|21.9|None|18.0|19.0|34.4|24.8|26.3|18.0
25|1995.0|28.3|24.2|29.3|32.1|None|26.7|29.9|None|24.1|18.0|33.2|24.5|27.8|24.6|33.3|20.3|34.8|23.6|23.8|23.3|14.7|25.2|None|20.6|29.0|None|None|22.5|18.9|None|18.7|19.5|29.7|21.8|25.5|20.1
26|1996.0|27.5|22.8|27.6|32.1|None|25.7|28.8|None|23.0|18.0|32.3|23.4|27.0|23.7|32.4|19.5|34.0|22.8|21.9|21.6|14.4|23.0|None|19.6|30.4|None|None|20.0|18.4|None|18.5|17.5|28.9|21.6|23.4|18.1
27|1997.0|27.2|22.5|28.2|31.7|32.2|25.6|28.3|28.2|22.7|17.9|31.9|23.1|26.5|23.4|32.1|19.0|33.5|22.4|21.4|21.1|14.2|22.6|None|19.7|30.2|15.0|None|19.8|18.3|22.9|18.6|18.8|28.2|24.9|22.9|18.4
28|1998.0|26.5|22.4|27.9|31.1|28.7|25.5|27.6|26.9|22.0|18.3|30.7|22.5|25.7|22.4|31.6|19.2|32.4|21.3|22.5|19.4|14.3|22.6|19.8|19.0|29.2|15.8|None|20.9|17.6|23.6|17.7|17.9|34.1|21.7|23.0|18.2
29|1999.0|26.0|21.7|27.0|31.5|26.9|25.4|26.8|26.3|22.3|18.0|31.1|21.1|24.1|21.5|31.1|19.3|32.8|20.7|22.3|20.3|14.3|23.8|20.9|18.6|28.7|17.0|None|21.6|17.0|19.6|18.1|17.9|34.2|26.9|25.1|17.7
30|2000.0|25.8|21.3|26.9|31.9|26.7|25.2|26.9|26.5|22.0|17.9|31.4|21.0|24.3|21.6|31.4|19.3|32.8|20.7|22.3|20.3|14.3|22.1|19.7|18.3|28.5|16.0|None|21.8|16.5|20.2|19.1|17.5|34.9|23.7|26.1|17.8
31|2001.0|25.4|21.0|27.0|31.2|26.5|25.0|26.8|26.2|22.2|17.3|31.0|20.7|23.5|21.2|31.1|19.1|32.1|20.6|22.2|18.9|14.2|21.2|20.2|18.3|28.3|15.7|None|21.6|16.1|18.5|16.8|16.3|29.5|22.3|20.4|17.9
32|2002.0|25.0|20.7|26.6|30.9|25.0|24.7|26.6|26.4|22.1|16.9|30.4|20.3|23.2|20.8|30.6|18.5|31.6|20.5|20.2|17.2|14.0|20.7|19.2|16.8|25.8|16.9|None|21.9|14.9|17.0|16.8|14.6|30.4|22.4|19.3|17.9
33|2003.0|24.8|20.4|26.3|30.7|25.2|24.6|26.3|26.3|21.8|16.7|30.2|19.9|23.0|20.6|30.3|18.3|31.3|20.3|18.9|17.3|13.9|20.6|18.6|15.5|24.7|16.0|None|21.9|14.5|17.2|17.1|14.8|30.3|22.4|19.3|17.5
34|2004.0|24.1|19.0|25.1|30.2|27.4|24.3|25.1|26.2|20.9|15.2|29.8|19.1|22.7|18.7|29.0|17.1|30.8|19.3|21.2|18.4|13.8|19.2|18.7|13.9|25.2|19.1|13.9|19.5|15.0|20.5|16.9|16.1|28.8|20.0|20.4|17.0
35|2005.0|23.8|19.1|25.0|30.4|27.2|23.7|24.3|26.8|20.6|15.0|29.4|19.0|22.3|18.1|28.6|16.5|30.4|18.8|23.3|18.6|14.8|20.0|18.9|14.7|25.1|18.8|16.4|19.9|16.0|20.9|15.7|17.3|29.4|19.1|19.1|16.2
36|2006.0|23.5|18.9|24.6|29.9|26.9|23.5|23.9|26.2|20.1|14.9|29.1|18.5|21.9|17.8|28.3|16.2|30.1|18.4|22.5|18.4|15.1|18.8|18.7|13.4|24.7|17.8|17.3|19.2|16.6|21.0|15.7|15.8|28.1|18.4|18.9|15.7
37|2007.0|23.1|18.7|24.3|29.4|26.5|23.0|23.4|26.1|19.9|14.7|28.5|18.1|21.5|17.6|27.9|15.8|29.5|17.9|22.2|18.1|14.7|17.4|19.0|14.6|24.4|18.2|17.4|18.1|17.1|20.4|15.8|15.7|27.8|17.8|18.3|15.1
38|2008.0|22.8|18.4|23.9|28.9|26.1|22.6|23.0|25.8|19.8|14.6|28.0|17.9|21.4|17.3|27.5|16.0|29.1|17.5|21.8|18.4|13.6|17.7|18.8|15.8|25.2|17.8|17.5|18.4|15.4|20.1|16.9|16.4|27.0|17.5|14.3|16.4
39|2009.0|22.5|18.3|23.6|28.5|25.7|22.3|22.7|25.6|19.5|14.7|27.7|17.6|21.0|17.0|27.2|16.3|28.7|17.2|21.1|18.1|13.5|17.2|18.6|15.4|24.4|17.6|17.2|18.1|14.8|19.7|16.3|15.9|27.0|19.2|15.0|16.5
40|2010.0|22.1|17.9|23.2|28.1|25.3|21.8|22.3|25.3|19.2|14.8|27.3|17.1|20.5|16.6|26.7|15.9|28.3|16.8|20.5|17.8|13.2|16.9|18.3|14.9|24.5|17.1|16.8|17.8|14.9|19.3|15.6|15.6|26.6|18.8|14.3|16.7
41|2011.0|21.8|17.5|22.8|27.7|24.9|21.3|21.8|25.0|18.8|15.2|26.9|16.7|20.1|16.2|26.2|15.9|27.8|16.3|19.8|17.5|13.3|16.5|17.8|14.4|24.1|16.6|16.1|17.6|14.3|18.9|15.1|15.0|26.1|18.4|14.7|16.1
42|2012.0|21.6|17.5|22.5|27.7|24.5|21.1|21.6|24.7|18.5|14.9|26.6|16.6|19.9|15.9|25.9|15.7|27.4|16.1|19.4|17.3|13.1|16.2|17.6|14.6|24.1|16.3|15.6|17.2|13.9|18.5|15.0|14.8|25.6|18.1|14.8|15.8
